279
0.030423682555501527, [141, 114, 63, 51, 107, 41, 47, 113, -51, -23, 106, -67, 111, 110, -107, 25, 113, -117, 147, 109, -139]
0.044122345408831032, [-39, 113, -107, 27, 109, -79, 121, 107, -119, 13, 114, 49, 51, 115, -57, -49, 110, -49, -51, 113, 49]
0.046498858245189408, [51, 112, -159, 173, 110, -121, 137, 111, 75, -3, 105, -45, -53, 112, -63, 137, 111, -61, 133, 112, -73]
0.051234301561434818, [131, 114, 71, 13, 108, -163, 137, 111, -119, 21, 107, -169, 147, 105, -87, -39, 112, -143, 179, 106, -113]
0.05631400342821663, [-21, 113, -105, -45, 106, -147, 131, 109, -85, -31, 106, -117, -37, 112, 63, 21, 106, -161, -173, 112, -147]
0.060229666619915585, [59, 105, 67, 15, 105, -103, 99, 110, -157, 167, 112, -79, -1, 105, 75, 21, 111, -51, 123, 110, -131]
0.063800524505888037, [-27, 112, -137, 49, 115, -63, -31, 112, 53, 37, 108, 39, 55, 109, -77, 151, 113, 67, 43, 110, -55]
0.064533615742899356, [-41, 112, -153, 133, 114, 41, 49, 105, -99, 113, 109, 53, 61, 105, -81, 107, 111, -155, 107, 112, -81]
0.067493005697579087, [-41, 105, -89, -173, 110, -65, 115, 112, -57, 155, 115, -95, 75, 105, -107, -31, 107, 75, -5, 109, 79]
0.067832269809677409, [107, 109, 69, 15, 105, -47, 119, 113, -81, -33, 112, 51, 57, 110, -61, -21, 110, -47, -55, 113, 45]
0.069511014493584281, [-55, 110, -55, -37, 105, -173, 175, 112, -109, -55, 110, -77, 139, 106, -91, -15, 112, -169, 143, 110, -79]
0.070524655692760202, [65, 111, -161, 117, 110, -55, -19, 107, -77, -177, 111, -127, 151, 107, -51, -51, 107, -155, 165, 110, -115]
0.071356135521922867, [-15, 108, -55, -55, 110, 61, 35, 115, -93, 5, 105, 49, 63, 112, -87, 179, 113, 43, 55, 109, -67]
0.071420072106558194, [11, 110, -169, 173, 113, -91, 163, 108, -129, 137, 113, -55, 159, 106, 49, 55, 109, -127, 23, 109, -117]
0.071624611380083816, [-23, 110, -149, 163, 111, 65, 41, 110, -69, -25, 108, -99, 33, 106, -47, -61, 115, -125, 119, 107, -97]
0.071769617706223435, [35, 113, -137, 121, 105, -55, -39, 106, -57, 129, 110, -97, 147, 113, -41, -51, 115, -161, 127, 105, -77]
0.072671951095742579, [5, 115, -175, 177, 107, -51, 117, 115, -145, 111, 106, 55, 33, 110, -101, 101, 114, -99, -13, 111, 77]
0.074334363300468817, [121, 113, 53, 39, 109, -75, -37, 114, 59, 15, 114, 63, 53, 112, -47, -49, 105, -73, 131, 114, -125]
0.074731923136933345, [-7, 107, -169, -177, 106, 65, 25, 109, -83, -17, 107, -89, 15, 115, -103, 159, 114, 57, 63, 109, -89]
0.078426224890507074, [89, 109, 69, -1, 111, -65, 143, 108, -159, 115, 106, -59, -15, 114, 69, 13, 112, -73, -59, 105, 65]
0.080927647650482423, [-123, 109, -47, -59, 107, -79, 121, 108, -77, -31, 112, 55, 41, 113, -151, 125, 114, -69, 173, 107, -101]
0.081154214015428633, [75, 112, 59, 41, 113, -101, -25, 109, 51, 43, 113, -41, -49, 113, -77, 167, 111, -107, 143, 113, -53]
0.082374206941030204, [15, 115, -173, 167, 106, -45, 123, 109, -83, 87, 112, 55, 19, 112, 53, 59, 115, -91, 115, 110, -125]
0.082832032143706602, [113, 109, 73, -3, 107, -73, 121, 113, -165, 155, 108, 65, 11, 114, -69, 115, 106, 63, 55, 106, -53]
0.083082859853335675, [27, 109, -151, 171, 113, -99, 81, 115, -71, -39, 112, 69, 1, 112, 47, 51, 110, 63, 23, 105, 39]
0.08331364627437117, [-17, 115, -129, 21, 111, 53, 61, 113, -63, -13, 110, -49, -59, 109, 41, 47, 115, -139, 45, 111, -41]
0.083950062484184546, [155, 114, 77, -1, 111, 45, 59, 108, -43, -41, 114, 55, 29, 109, -87, -169, 113, 59, 39, 112, -57]
0.084465509083113954, [-61, 115, -49, -53, 115, -149, 143, 112, -87, -23, 115, -133, 93, 107, -73, -19, 112, -145, 125, 107, -91]
0.086670617174307907, [-3, 109, -109, 95, 114, -65, 159, 112, 69, 5, 114, -79, -33, 106, -55, 123, 106, -49, 143, 114, -83]
0.086694173864259066, [175, 110, 77, -3, 108, 41, 45, 108, -107, 161, 110, -133, 125, 114, -109, 17, 108, -161, 115, 105, -115]
0.089585846331677765, [77, 113, 55, 51, 111, -129, -13, 111, -77, 99, 107, -155, 163, 115, 69, 27, 107, -137, 15, 108, -55]
0.089833045628130034, [-19, 113, -129, 27, 110, -101, 103, 112, -141, 117, 105, 65, 21, 108, -77, 135, 110, 59, 55, 109, -59]
0.090429690062236251, [-123, 113, -59, 127, 110, 73, 19, 115, -59, -19, 112, -115, 85, 110, -123, 31, 107, -141, 137, 113, -135]
0.092520897510837807, [175, 111, 73, -1, 112, 43, 55, 109, -99, 165, 106, -123, 91, 115, -61, -33, 115, -139, 121, 105, -101]
0.09280104659742841, [43, 107, 63, 37, 113, -127, 15, 112, -111, -175, 112, -75, 129, 107, -51, -47, 114, 45, 61, 113, -75]
0.093494213077261204, [89, 107, -175, 161, 107, -41, -53, 112, -177, 163, 109, -45, 123, 111, -61, -29, 111, -63, 165, 110, -151]
0.093974541667052866, [35, 106, 65, 27, 106, -107, -21, 111, -153, -165, 115, 53, 31, 113, -101, 103, 107, -149, 179, 113, -149]
0.093997661441159758, [147, 108, 41, 57, 107, -139, 105, 107, -69, -51, 105, -169, 155, 107, -127, 139, 114, 49, 63, 114, -49]
0.094885496832799801, [-41, 107, -133, 109, 113, 39, 55, 111, -55, -35, 112, -103, -43, 113, 53, 51, 112, -141, 157, 106, -137]
0.095018587778184616, [103, 105, 53, 25, 114, -149, 167, 113, 79, -3, 113, -115, 25, 111, -91, -43, 108, -49, 121, 113, -111]
0.095294228567715161, [-45, 111, -123, -179, 107, 53, 43, 106, -75, 153, 110, 47, 35, 108, -65, -29, 110, -121, 113, 115, -105]
0.095839090301483409, [-37, 111, -103, -3, 109, 59, 55, 109, -63, 145, 115, 47, 61, 111, -47, -41, 113, 59, 45, 112, -41]
0.096007751925212423, [101, 107, 41, 51, 107, -169, 157, 110, 79, 7, 107, -115, 25, 106, -89, -43, 112, -55, 129, 115, -127]
0.096185320237084496, [35, 109, -137, 163, 106, -65, -25, 109, 41, 45, 105, -81, 9, 106, -91, 163, 112, 75, 9, 110, -47]
0.096674912152744, [-61, 115, -61, -21, 105, -171, 159, 114, -121, 13, 115, -149, 131, 112, -65, -47, 115, -161, 133, 108, -55]
0.096703857732821086, [-13, 113, -101, 169, 113, -127, 89, 109, -105, 97, 105, -91, 71, 108, -127, -21, 105, -97, 13, 106, -49]
0.097119728228086497, [-27, 114, -141, 95, 110, 39, 55, 114, -53, -47, 111, -75, -35, 115, 45, 61, 110, -173, 153, 109, -135]
0.09736178436530335, [-25, 115, -131, 47, 108, 45, 41, 108, -41, -55, 111, -91, 65, 114, -91, 95, 108, -139, 99, 109, -67]
0.098955594548344988, [169, 107, 49, -129, 113, -57, 135, 111, -57, -39, 113, 65, 17, 106, -89, 105, 107, -41, 133, 106, -73]
0.09898823694711327, [-33, 107, -75, 125, 112, -89, -173, 109, 59, 51, 107, -59, 121, 114, -67, -7, 109, -81, 73, 109, -95]
0.099599622983859729, [49, 106, -169, 175, 107, -97, 167, 114, 51, 55, 109, -65, -9, 107, -149, 157, 107, -59, 137, 105, -63]
0.10180015353072783, [-27, 107, -87, 79, 114, 43, 45, 112, 53, -123, 110, -91, 165, 110, -107, -49, 114, -49, 121, 105, -103]
0.10365156543187778, [-23, 110, -167, 157, 106, 55, 31, 107, -101, 7, 110, -129, 19, 112, -61, -19, 113, -97, 113, 105, -107]
0.10426515057715804, [-9, 107, -49, -57, 113, 69, 35, 112, -133, -11, 114, 41, 59, 109, -47, -59, 112, -51, 117, 113, -127]
0.10438400281059454, [-43, 112, -69, -19, 111, -171, 169, 112, -115, -39, 106, -137, 115, 109, -109, 169, 109, 53, 63, 112, -47]
0.10447871087219708, [-17, 113, -97, -25, 110, -169, 143, 105, -81, -19, 114, -113, 177, 105, -107, -53, 105, -139, -167, 105, -115]
0.10448219268410518, [27, 109, -137, 149, 106, -59, 157, 107, -75, 125, 112, -165, 153, 107, 79, 1, 115, -137, 25, 112, -73]
0.10472095586906548, [-49, 108, -125, 29, 113, -105, 1, 114, -49, 145, 113, 65, 31, 114, -49, -49, 108, -145, 105, 106, -75]
0.10474389538925505, [-127, 107, -57, -21, 110, -65, 147, 111, -163, 135, 114, -73, -47, 110, 75, 5, 108, -49, -49, 107, 57]
0.10531006079241918, [95, 109, 61, 45, 114, -165, 159, 110, -143, 145, 108, -81, -61, 110, -61, 147, 105, -95, 143, 110, -41]
0.10585972811170312, [101, 112, 71, 19, 113, -171, 153, 111, -123, -1, 107, 49, 29, 108, -123, 121, 106, -67, 149, 106, -69]
0.10617375401053585, [-27, 109, -135, 175, 115, 57, 33, 110, -61, -33, 107, -109, 31, 111, -73, -13, 109, -147, 139, 115, -135]
0.10618672761565788, [9, 114, -101, 179, 110, -51, -35, 115, 65, 9, 111, -89, 19, 108, -87, 153, 108, 71, 29, 106, -49]
0.10723311116303376, [43, 113, -161, 129, 108, -61, 151, 107, 65, 47, 112, -45, -59, 111, -109, -179, 111, -73, 137, 113, -69]
0.10922004976265461, [-47, 113, -83, -47, 107, -141, 135, 115, -101, -39, 114, -99, 129, 114, -57, -43, 113, -157, 137, 106, -61]
0.11016005566860781, [-11, 107, -131, 93, 112, -67, 143, 111, -113, 173, 105, -131, -5, 107, -69, -23, 106, -87, 5, 113, -51]
0.11020459017553369, [-9, 115, -169, 139, 105, 67, 15, 112, -47, -43, 110, -117, 27, 105, -45, -49, 113, -63, 127, 108, -117]
0.11020775451234957, [85, 114, 79, 1, 108, -161, 143, 106, -133, -17, 110, 75, 13, 105, -97, 107, 113, -59, 165, 108, -77]
0.11034179254848606, [43, 115, -153, 135, 108, -107, 91, 111, -159, 115, 113, -77, 107, 105, -107, -35, 107, -101, 25, 105, -43]
0.11034751795664406, [23, 110, -127, 41, 113, 47, 39, 106, 51, -131, 112, 69, 23, 106, -53, -23, 111, -173, 151, 108, -103]
0.11040535202588531, [-5, 105, -101, -55, 109, -173, 159, 109, -43, -55, 106, -143, -175, 111, -109, 15, 114, -141, 161, 106, -123]
0.11059123614727649, [-55, 107, -53, -49, 112, -171, 153, 113, -89, -53, 111, -77, 97, 108, -63, -27, 113, -161, 133, 115, -77]
0.11059998632410338, [-17, 112, -171, -179, 114, 39, 55, 114, -133, 83, 108, -115, -17, 107, 55, 31, 114, 65, 19, 111, 39]
0.11071091687788681, [115, 115, 77, 3, 110, -107, 115, 105, -89, -43, 105, -167, 139, 105, -97, -25, 109, -137, 101, 110, -71]
0.11105289527783023, [-11, 113, -139, 23, 108, -45, -49, 113, 51, 43, 108, 57, 51, 115, -69, 155, 115, 49, 59, 114, -55]
0.11129366098647038, [35, 108, -147, 115, 112, -63, 121, 115, 63, 33, 109, -65, -23, 113, -89, 165, 114, -71, 139, 113, -83]
0.11138962673493986, [149, 114, 49, 45, 114, -45, 137, 113, -121, 15, 112, 39, 53, 111, -79, -35, 105, -93, 89, 114, -107]
0.11143185798611073, [63, 113, 77, 11, 112, -113, 123, 111, -157, 165, 115, -61, -25, 114, 75, 13, 115, -59, -35, 108, 47]
0.11156775377242407, [55, 105, 53, 25, 115, -115, 27, 111, -133, 165, 109, -55, 151, 107, -75, -47, 115, 55, 53, 113, -63]
0.11182774432236313, [-29, 110, -147, -177, 115, 77, 1, 113, -69, 165, 107, 71, 15, 109, -95, -47, 107, -85, 85, 115, -93]
0.11222015240859223, [-55, 114, -45, -51, 114, -163, 175, 112, -117, -17, 109, -115, 87, 105, -89, -23, 109, -145, 107, 105, -75]
0.11285765767988064, [-43, 108, -113, -45, 113, -127, 89, 115, -107, 31, 106, -155, 167, 115, -99, -43, 108, -171, 149, 106, -73]
0.11291645948846282, [13, 105, -153, 141, 108, -87, -169, 106, 67, 5, 106, -79, -1, 106, -127, 137, 106, -75, 105, 111, -41]
0.11362235072366771, [13, 115, -115, -59, 110, -149, 147, 106, -63, -17, 109, -157, 157, 114, -105, -47, 115, -111, 91, 115, -43]
0.11370328147631255, [-17, 105, -137, 99, 114, 51, 57, 105, -43, -41, 112, -45, 137, 109, -69, -57, 109, -163, 175, 114, -89]
0.11375675492630581, [41, 108, -141, 161, 114, -47, -41, 111, -145, 153, 105, -129, 35, 113, -169, 143, 106, -69, 125, 110, -45]
0.11381168928792446, [179, 114, 77, -3, 115, 45, 45, 114, -145, 131, 107, -139, 105, 113, -75, 7, 112, -97, 87, 113, -97]
0.11450097699484531, [31, 106, 79, 1, 114, -69, -31, 108, -171, 159, 113, -177, 169, 115, -65, 167, 113, -79, 141, 109, -59]
0.11479570934701513, [-47, 110, -45, -39, 107, 69, 29, 110, -141, 133, 107, -133, -21, 113, 57, 37, 114, -111, -59, 112, 55]
0.11569907098272512, [-3, 113, -117, 33, 106, 47, 37, 105, -45, 129, 110, -125, -171, 107, -115, 41, 107, 63, 13, 108, 67]
0.11615895913813298, [49, 107, -113, -29, 110, 67, 37, 106, -177, 165, 107, -101, 107, 112, -49, -47, 109, -95, 141, 109, -117]
0.11703958089839508, [35, 112, -121, -1, 112, 63, 51, 114, 55, -125, 112, 51, 59, 107, -163, 147, 110, 59, 35, 114, -43]
0.11729577604870384, [77, 105, 49, 43, 114, -87, -27, 112, 47, 63, 110, -101, -7, 106, -105, 153, 111, -91, 167, 106, -89]
0.11809345856288309, [57, 113, -155, 167, 115, -89, 87, 114, 61, 59, 109, -71, -33, 107, -59, 129, 107, -51, 149, 115, -89]
0.11853748775128735, [-17, 111, -103, 145, 111, -73, 167, 115, 57, 37, 105, -71, -45, 115, -91, 135, 106, -59, 127, 106, -57]
0.1185918354678729, [91, 107, 53, 53, 107, -65, -5, 114, 79, -3, 113, 39, 55, 106, -63, -35, 112, -67, 111, 105, -127]
0.1186757346825054, [73, 114, 53, 25, 105, -141, 107, 108, -159, 173, 115, -59, -37, 113, 45, 49, 113, -63, -17, 110, 61]
0.11874726069638945, [55, 110, 73, 25, 106, -93, -27, 113, -69, 121, 105, -159, 179, 105, 53, 31, 114, -125, 43, 112, -99]
0.11889332947664374, [11, 107, -91, -9, 114, 49, 53, 109, -171, 153, 107, -69, 153, 107, -63, -13, 112, -175, 159, 108, -91]
0.11897140957017602, [145, 106, 43, 51, 108, -139, 89, 109, -121, 13, 110, -155, 113, 112, -175, 159, 110, 41, 45, 106, -49]
0.11907703466786861, [-53, 113, -113, 125, 106, 65, 45, 111, -53, -37, 112, -89, 79, 115, -41, -51, 115, -147, 147, 107, -95]
0.11914716698709397, [-45, 107, -69, 137, 113, -71, 125, 113, -141, 159, 109, -105, 9, 107, 47, 49, 109, 63, 9, 112, 39]
0.12003063203260256, [125, 109, 77, 5, 112, 45, 39, 108, -43, -59, 109, -73, 119, 113, -105, -55, 109, 59, 61, 110, -59]
0.12046362442897951, [-31, 110, -95, 73, 105, -61, 147, 115, -175, 171, 109, -95, 77, 113, -95, -53, 115, -119, 29, 108, -41]
0.12050639102627879, [107, 107, 43, 49, 115, -161, 115, 114, -123, -171, 115, -61, -31, 106, 59, 15, 106, -95, -29, 110, 47]
0.12051820291563346, [19, 105, -123, -31, 106, 39, 55, 109, -105, 139, 109, -93, 57, 106, -75, 7, 108, -137, 31, 113, -51]
0.12106087383185289, [-1, 108, -175, 157, 110, 67, 31, 110, -77, -41, 105, -85, 61, 115, -117, 155, 105, 61, 45, 105, -47]
0.12115735574107422, [-23, 114, -143, 177, 114, 71, 21, 105, -67, 149, 108, 77, -5, 113, -57, -57, 106, -93, 105, 113, -109]
0.12179079548898668, [121, 107, 71, 17, 107, 53, 51, 110, -41, -57, 111, -51, 131, 106, -103, 129, 112, -177, 165, 112, -171]
0.12185640205603845, [-49, 112, -113, 107, 111, 51, 41, 113, -47, -45, 105, -69, -47, 114, 45, 39, 113, -165, 173, 107, -153]
0.1219729962192236, [155, 115, 59, 13, 109, 39, 55, 115, -83, -5, 106, -69, 113, 111, -89, 9, 110, -61, 119, 105, -127]
0.12217929862870681, [101, 115, 47, 47, 108, -123, 97, 106, -91, 71, 114, -105, 15, 115, -59, -19, 109, 77, 5, 115, 55]
0.12230194643562629, [-1, 112, -111, -43, 107, -169, 165, 109, -109, -25, 106, -129, 109, 108, -83, -47, 109, -95, 95, 105, -59]
0.12232835421944187, [-9, 113, -167, 151, 113, 69, 5, 106, -43, -43, 110, -91, 53, 109, -105, 11, 105, -141, 93, 107, -95]
0.12244763079917098, [-5, 105, -129, 127, 108, -89, 137, 111, -135, 5, 114, 69, 13, 107, 51, 29, 109, 79, 5, 112, 59]
0.12253571373318627, [-165, 112, 67, 5, 107, 41, 59, 114, -165, 163, 106, -135, -179, 106, -129, 11, 115, -131, 153, 106, -151]
0.12270682691482852, [59, 111, 61, 19, 107, -107, -25, 109, -53, 151, 109, -69, 155, 110, -67, -45, 110, 45, 43, 108, -55]
0.12328649517271592, [7, 112, -171, -177, 108, 59, 43, 114, -49, 133, 115, 51, 47, 109, -59, 159, 107, 57, 55, 108, -47]
0.12341723807094084, [145, 113, 45, 43, 112, -123, 85, 115, -87, -13, 108, -151, 133, 108, -165, 135, 110, 43, 57, 111, -55]
0.12383905785294395, [-23, 113, -137, 7, 112, -129, 45, 106, -49, -35, 105, -137, 117, 106, -81, -35, 111, -155, 143, 111, -85]
0.12384374283014313, [43, 108, -137, 153, 112, -53, -39, 113, -105, 133, 115, -99, -45, 111, -135, 153, 115, -47, 133, 107, -51]
0.12398582308000938, [-35, 113, -141, 159, 112, 59, 25, 109, -85, 155, 108, 65, 25, 114, -71, -47, 108, -75, 79, 113, -73]
0.12435689276779251, [-23, 107, -77, -47, 105, 51, 39, 112, -63, -19, 109, 47, 55, 114, -91, 13, 107, -133, 51, 113, -65]
0.12458844687718264, [-53, 107, -121, 31, 110, -105, 21, 112, -81, 149, 108, 73, -5, 115, -49, -27, 114, -155, 131, 109, -125]
0.12622189526090827, [-39, 106, -127, 133, 108, 41, 57, 105, -41, -49, 105, -115, -51, 109, 65, 15, 109, -127, 177, 114, -155]
0.12631889386550041, [1, 108, -107, 161, 106, -47, -51, 111, 65, 11, 110, -79, 3, 105, -57, -41, 108, -81, 93, 105, -107]
0.12644142651608392, [107, 106, 43, 59, 111, -133, 127, 110, -57, 159, 115, -151, 139, 113, 79, -5, 105, 57, 17, 112, 79]
0.1265366098726502, [157, 113, 73, 3, 114, 39, 53, 113, -41, -55, 110, 59, 35, 113, -67, -37, 114, -81, 105, 113, -103]
0.12655380644087919, [-55, 115, -63, -45, 115, -127, 117, 110, -75, -23, 106, -117, 139, 114, -89, -37, 105, -157, 141, 105, -79]
0.12663326948372264, [-21, 109, -111, -17, 114, -47, 119, 112, -141, 93, 109, 51, 31, 106, -53, 155, 108, 47, 55, 109, -49]
0.12704486390148684, [43, 105, -147, 99, 111, -45, 125, 112, 45, 49, 113, -91, 7, 107, -97, 161, 108, -57, 159, 106, -111]
0.12707142109966568, [41, 109, -131, 95, 110, -43, -47, 110, -95, 119, 106, -91, 155, 108, -93, -7, 109, -95, 127, 109, -139]
0.12711135593002917, [119, 113, 77, 13, 112, 45, 55, 109, -59, -31, 114, -47, -51, 112, 45, 45, 107, -93, 131, 111, -119]
0.12718871197281673, [-23, 113, -81, 159, 111, -81, 169, 114, 47, 51, 112, -61, 159, 108, 49, -129, 109, -143, 159, 112, -83]
0.12785044190821945, [113, 107, 61, 59, 106, -135, 23, 115, -49, -39, 106, -129, 81, 107, -99, -49, 106, -141, 155, 115, -133]
0.12803805935285006, [5, 111, -81, -9, 108, 51, 55, 106, -171, 179, 112, -109, -27, 109, 79, 3, 106, -157, 111, 106, -93]
0.12818786145282768, [83, 108, 73, 5, 109, -139, 9, 109, -73, -27, 107, -137, 93, 105, -127, 49, 105, -143, 169, 114, -145]
0.12822683933483892, [41, 109, -143, 159, 108, -55, -35, 113, -167, 149, 105, -123, -45, 109, -71, 175, 105, -93, 151, 109, -73]
0.12886213889005546, [-15, 114, -147, 167, 108, 63, 47, 110, -57, -19, 109, -113, 35, 107, -43, -57, 115, -121, 123, 105, -99]
0.12938519823769767, [-55, 108, -95, 171, 108, 39, 55, 112, -47, -59, 112, -107, 131, 115, -153, 167, 108, 49, 37, 108, -41]
0.12951867859596405, [137, 110, 63, 35, 113, -127, 101, 107, -123, -11, 111, -149, 107, 109, -163, 159, 110, 45, 53, 115, -59]
0.12978499407349714, [-49, 112, -69, -13, 111, -175, 173, 110, -127, 17, 114, -161, 127, 114, -63, -31, 108, -167, 163, 113, -95]
0.12982962434320131, [55, 105, -131, -19, 115, 59, 29, 115, -147, 161, 106, -65, 125, 112, -67, -29, 109, -141, 121, 113, -71]
0.12996878390536382, [-127, 114, -49, -55, 114, -47, 143, 106, -145, 129, 111, -71, -51, 114, 79, 7, 106, -47, -31, 113, 39]
0.13024445207536209, [-17, 111, -93, -171, 110, -137, 151, 107, 73, 19, 107, -75, -15, 107, -123, 125, 106, -59, 139, 105, -73]
0.13030023714844507, [45, 114, -145, 165, 111, -41, -51, 113, -161, 139, 113, -103, -15, 113, -103, 127, 112, -53, 125, 110, -41]
0.13082690093344748, [105, 107, 47, 41, 115, -175, 161, 107, -173, 151, 113, -91, 85, 106, -163, 173, 115, -127, 17, 108, 77]
0.13139446932534371, [101, 108, 41, 53, 111, -177, 165, 112, 75, 3, 107, -117, 25, 105, -83, -21, 106, -63, 141, 115, -135]
0.13162789170554545, [25, 114, -141, 123, 105, -77, 161, 111, 61, 49, 115, -109, -55, 109, -67, 135, 112, -45, 121, 105, -57]
0.13182668862345578, [35, 115, -167, 173, 115, -93, 149, 105, -125, 101, 111, -113, 21, 111, -109, -23, 108, -105, 5, 105, -41]
0.13247852069660504, [-41, 108, -49, -51, 108, -175, 161, 114, -65, -31, 115, -141, 125, 111, -95, 25, 107, -175, 163, 113, -127]
0.13260752933687725, [-51, 113, -49, -31, 113, -173, 177, 112, -95, 5, 110, -175, 171, 115, -119, -25, 105, -147, 139, 111, -97]
0.13270390792799727, [135, 109, 51, 37, 109, -149, 103, 105, -69, -49, 111, -153, 179, 113, -103, -57, 105, -131, 121, 108, -75]
0.13317655918272295, [-29, 109, -159, -179, 110, 77, -5, 114, -69, 163, 113, 57, 43, 114, -93, -37, 113, -95, -57, 110, 69]
0.133368988336832, [-47, 105, -151, -173, 108, 65, 39, 106, -61, 117, 105, -41, -47, 105, 63, 29, 107, -53, -27, 111, 51]
0.13357951493222664, [-5, 105, -71, -19, 106, 49, 33, 114, -147, 127, 111, -55, 139, 106, -75, -15, 106, -167, 145, 106, -105]
0.13360638083758306, [-39, 111, -125, 127, 109, 53, 51, 111, -43, -59, 106, -71, -53, 108, 71, 1, 114, -149, -167, 115, -157]
0.13361082115498865, [133, 106, 79, 1, 113, -171, 151, 114, -117, -5, 108, -177, 171, 115, -141, -173, 114, 43, 59, 113, -41]
0.13361451323433587, [79, 106, 49, 45, 106, -151, 149, 105, 55, 51, 105, -133, -3, 114, -65, -7, 108, -65, 137, 109, -141]
0.13396054304732485, [-1, 109, -105, 139, 113, -67, 155, 112, 59, 35, 115, -47, -51, 105, -79, 145, 105, -71, 149, 111, -61]
0.13398042038663768, [137, 111, 47, 33, 109, -117, 99, 113, -51, -51, 106, -161, 143, 107, -59, -33, 108, -167, 167, 114, -105]
0.134051175752467, [-25, 107, -43, -45, 107, 69, 7, 108, -135, 107, 107, -111, 131, 114, -95, 1, 107, -89, 63, 105, -77]
0.13419674755763283, [11, 111, -69, -35, 112, 53, 41, 112, -155, 151, 108, -71, 143, 106, -153, 141, 105, 57, 43, 110, -59]
0.13436315406771931, [-47, 106, -113, -35, 111, -89, 67, 113, -41, -53, 112, -151, -177, 111, -77, -55, 110, -159, 175, 105, -101]
0.13445981811599933, [45, 110, -153, -175, 107, -99, 3, 106, -91, 55, 107, -57, -47, 114, -169, 149, 107, -43, 135, 105, -65]
0.13465116338521355, [29, 105, -131, 111, 109, -47, 143, 105, 43, 61, 105, -87, 13, 115, -107, 133, 109, -57, 129, 115, -61]
0.13482055307086516, [-31, 113, -135, 151, 107, 55, 55, 109, -89, -39, 110, -107, 33, 106, -75, -57, 111, -65, 129, 113, -127]
0.13535767435292526, [165, 114, 79, 7, 108, 45, 39, 108, -95, 89, 112, -43, 135, 107, -47, -59, 108, -169, -179, 114, -109]
0.13565685856666343, [-11, 109, -151, 95, 108, 47, 45, 106, -41, -45, 109, -75, -59, 115, 47, 53, 114, -153, 99, 115, -73]
0.13571698615061459, [-59, 111, -133, 149, 105, 49, 47, 110, -117, 121, 114, 55, 47, 107, -79, 1, 110, -65, 129, 110, -105]
0.13573639076191557, [77, 115, 77, -3, 107, -141, 91, 107, -83, -27, 109, 69, 21, 105, -105, 121, 111, -65, 155, 110, -81]
0.13616703001960359, [-3, 108, -119, 171, 113, -73, 177, 105, -83, 141, 111, -135, 113, 110, 75, 15, 113, -107, -9, 108, -49]
0.13632228317956288, [39, 115, -97, -45, 105, 75, 13, 115, -139, 125, 107, -71, 111, 112, -83, -21, 109, -113, 85, 105, -71]
0.136603916769855, [95, 112, 49, 45, 112, -155, 115, 108, -133, -3, 106, 77, 11, 110, 61, 9, 107, -55, 121, 113, -131]
0.13661223209379483, [-43, 109, -125, 41, 114, -111, 1, 111, -43, 129, 115, 57, 27, 105, -61, -11, 115, -159, 119, 106, -105]
0.13676843486509183, [15, 115, -127, -9, 113, 45, 39, 113, -53, 135, 108, -123, 21, 109, -61, -19, 105, -101, 29, 108, -51]
0.13703161686165144, [-37, 113, -119, 39, 107, -121, 45, 110, -49, -59, 111, -131, 135, 110, -177, 167, 106, 45, 37, 108, -47]
0.13708835210145776, [41, 114, -149, 101, 111, -43, 129, 113, 67, 13, 108, -45, -47, 112, -61, 155, 112, -69, 161, 113, -97]
0.13725798166466674, [73, 115, 43, 59, 110, -129, 33, 110, 45, 53, 111, -73, -15, 113, -107, -179, 108, -127, 149, 105, -79]
0.13730134239918848, [-179, 108, 51, -127, 115, -83, 115, 115, -81, 11, 114, -107, 85, 108, -89, -15, 106, -163, 175, 110, -149]
0.13801464199411087, [19, 109, -131, 155, 105, -59, 165, 111, -119, 31, 109, -53, -51, 111, -61, 151, 109, 77, 9, 105, -49]
0.13825807811266536, [-19, 110, -69, -43, 106, 51, 59, 107, -117, -49, 109, 39, 53, 115, -51, -25, 115, -47, -61, 107, 65]
0.13827288323445486, [-47, 115, -133, 11, 112, -119, -25, 109, -59, 141, 114, 71, 31, 114, -83, -33, 108, -111, 133, 112, -113]
0.13828863197757668, [61, 115, 73, -5, 115, -91, 97, 112, 45, 43, 114, -49, -33, 111, -165, 175, 108, -107, 163, 111, -83]
0.13829045598281225, [5, 108, -119, 139, 105, -41, -47, 109, 67, 29, 110, -61, -7, 110, -51, -29, 105, -103, 137, 106, -153]
0.13836233710594106, [97, 112, 55, 29, 111, -105, 147, 105, -159, 117, 111, -139, 7, 110, -75, -7, 113, 59, 13, 114, 61]
0.13922663447292458, [-5, 106, -121, 139, 109, -77, 169, 115, 75, -1, 106, -41, -43, 115, -101, 113, 105, -49, 127, 115, -53]
0.13953176892891211, [-21, 110, -57, -49, 115, 69, 3, 111, -139, 97, 115, -109, -177, 105, -123, 31, 106, -97, 23, 111, -51]
0.14025274015549616, [-31, 111, -147, 109, 110, 43, 57, 112, -59, -25, 107, -119, -33, 115, 47, 61, 111, -159, -171, 111, -165]
0.14034217758492762, [45, 108, -147, 111, 105, -79, 127, 109, 79, 5, 114, -91, 65, 110, -167, 177, 115, -63, 145, 106, -107]
0.14061164285781921, [11, 114, -73, -23, 108, 79, -1, 112, -171, 177, 115, -127, 143, 115, -77, 5, 114, -127, 85, 107, -89]
0.14071032092948466, [-21, 105, -43, -43, 111, 79, 1, 108, -161, 123, 107, -119, 147, 112, -85, 15, 112, -87, 53, 106, -77]
0.1411136307832353, [125, 114, 63, 23, 115, 51, 33, 107, -47, -55, 113, -93, 79, 112, -109, 167, 108, -165, 133, 114, -103]
0.14128789579847581, [-29, 105, -55, -49, 113, 47, 53, 113, -117, -3, 114, 55, 53, 110, -41, -49, 114, -107, 117, 106, -115]
0.14130486293821951, [-59, 109, -63, -29, 109, -161, 167, 110, -131, 9, 113, -151, 115, 115, -49, -45, 108, -161, 157, 114, -87]
0.14192812972645374, [135, 113, 69, 9, 115, -173, 173, 106, -125, -31, 115, -173, 177, 106, -129, 21, 112, -137, 85, 105, -75]
0.14203715120424862, [61, 107, -129, -23, 115, 71, -1, 108, -149, 151, 113, -67, 135, 107, -69, -55, 112, -91, 159, 112, -125]
0.14239100932071128, [57, 113, 69, 17, 112, -129, 51, 109, -103, -7, 108, 41, 51, 106, -65, 141, 113, -89, -25, 110, 79]
0.14245518766233076, [-9, 105, -137, 123, 111, -45, 125, 109, -55, 143, 114, -85, 139, 114, 61, 21, 115, -83, 15, 115, -77]
0.14252595079541522, [37, 112, -169, 167, 109, -43, 129, 105, -107, -13, 106, -83, 61, 114, -85, -57, 107, -83, -23, 105, 45]
0.14283712597310824, [3, 113, -177, 163, 110, 57, 43, 112, -45, -41, 114, -135, 95, 110, -85, -13, 113, -107, -55, 105, 73]
0.14285580832639674, [-41, 112, -153, 137, 108, 53, 47, 114, -119, 123, 107, 43, 51, 109, -97, 7, 105, -49, 137, 112, -103]
0.14288792548397772, [3, 109, -109, 101, 114, -51, 149, 113, 41, 45, 113, -97, -1, 105, -95, 127, 110, -49, 125, 113, -63]
0.14319502387952091, [55, 105, -147, -165, 111, -59, -21, 110, 65, 23, 115, -137, 49, 110, -95, 153, 111, 63, 43, 115, -47]
0.14347584190046053, [59, 110, 57, 39, 113, -133, -13, 114, -153, 173, 112, 61, 39, 108, -115, 21, 105, -67, 137, 115, -93]
0.14363890470329238, [-37, 112, -55, -57, 109, -161, 141, 105, -45, -53, 106, -133, 131, 108, -87, -25, 111, -111, -173, 114, -155]
0.14386126186956549, [-55, 109, -109, -5, 105, -113, 31, 112, -53, -43, 107, -135, 91, 112, -111, 25, 110, -165, 129, 108, -119]
0.14398459611201944, [55, 105, -141, 135, 112, -43, -43, 111, -175, 171, 112, -93, -179, 113, -117, -23, 109, -53, -49, 110, 39]
0.14515166677623198, [95, 114, 43, 51, 109, -175, 163, 113, -173, 163, 111, -111, -11, 105, -95, 127, 115, -79, -175, 109, -83]
0.1457309676763919, [-23, 115, -107, -3, 113, 63, 11, 110, -87, 73, 108, -141, 11, 115, -169, 163, 110, -121, 19, 115, 75]
0.14583223167003551, [141, 110, 41, 59, 111, -139, 135, 108, -173, 155, 106, 61, 37, 106, -95, 131, 110, 41, 55, 105, -53]
0.14623232383359316, [5, 108, -97, -49, 109, 75, 21, 112, -147, -175, 112, 69, 29, 107, -91, -3, 113, 73, -5, 110, 45]
0.14664496254080128, [151, 111, 55, 21, 112, -177, 169, 114, -133, -11, 106, -153, 163, 109, -107, 3, 111, -173, 173, 115, -121]
0.14668233396041624, [61, 107, -139, 157, 114, -75, -53, 112, -139, 149, 115, -75, -175, 115, -119, -41, 110, -51, -57, 106, 57]
0.14679417560905236, [139, 110, 69, 7, 108, -157, 135, 108, -109, -15, 110, -161, -177, 108, -169, -179, 109, 49, 53, 108, -41]
0.14769758256572244, [35, 108, -103, -17, 112, 43, 53, 113, -173, 151, 110, -61, 157, 107, -139, 135, 106, 51, 51, 107, -45]
0.14785834750924653, [-53, 110, -105, 29, 110, -149, 103, 108, -131, 117, 108, 49, 43, 108, -61, -57, 105, -75, 105, 115, -87]
0.14826551250165548, [-41, 114, -57, -29, 111, -177, 165, 113, -101, -9, 113, -119, 95, 114, -45, -41, 108, -155, -175, 107, -111]
0.14851172671141527, [-59, 108, -119, 39, 109, -123, 37, 113, -105, 153, 108, 65, 9, 107, -87, 15, 106, -155, 157, 109, -159]
0.14852202836015502, [-55, 113, -115, -175, 110, 61, 43, 114, -51, -51, 112, -85, 55, 106, -89, -1, 111, -173, 163, 106, -163]
0.14857599350182946, [39, 113, -101, -47, 114, 69, 1, 105, -115, 137, 109, -81, 67, 109, -51, -47, 108, -93, 121, 114, -131]
0.14858799913974621, [73, 105, -175, 161, 115, -101, 33, 107, -147, 163, 112, -117, -177, 112, -57, -51, 110, -161, 123, 105, -63]
0.14885730833959573, [-27, 113, -83, -27, 113, -163, 149, 107, -87, -37, 111, -105, 133, 112, -59, -51, 107, -151, -173, 113, -97]
0.14890027241654502, [-11, 106, -95, 177, 108, -79, 177, 113, -57, 137, 112, -139, 33, 114, -103, 27, 109, 59, 17, 107, 39]
0.14930522714803093, [97, 113, 69, 37, 108, -75, 73, 115, -49, -57, 108, -81, 125, 111, -137, 49, 105, 45, 57, 108, -43]
0.14942063517158308, [129, 115, 41, 47, 107, -121, 135, 111, -173, 171, 112, 69, 15, 115, -111, 137, 106, 65, 23, 105, -51]
0.14944255428531841, [-37, 111, -85, -37, 107, -167, 137, 106, -63, -59, 109, -111, -39, 107, 79, 7, 110, -125, 179, 112, -149]
0.14961464335131752, [117, 108, 65, 31, 110, 43, 57, 107, -41, -45, 110, -123, 83, 112, -107, 95, 110, -85, -169, 115, -143]
0.14997562165243961, [87, 115, 67, 23, 106, -127, 119, 114, -105, -1, 111, 77, 1, 109, 61, 23, 112, -91, 69, 106, -87]
0.15009669781139817, [57, 111, 49, 35, 112, -127, 29, 113, -143, 137, 113, -43, 125, 114, -59, -21, 112, 55, 49, 115, -43]
0.15012560467299435, [59, 115, 71, 9, 110, -125, 13, 114, -111, -45, 113, -59, 119, 113, -163, -177, 112, 51, 53, 107, -53]
0.15021879603830904, [85, 112, 61, 35, 105, -121, 139, 113, -51, -61, 109, 71, 5, 110, -175, 163, 107, -105, 119, 111, -41]
0.15025342605717668, [75, 115, 39, 55, 115, -111, -19, 115, -151, 123, 108, -137, 3, 106, -77, -3, 108, -79, 67, 115, -97]
0.15040559292238861, [-59, 106, -105, 179, 107, 43, 61, 106, -93, 125, 109, 67, 39, 107, -47, -49, 109, -85, -173, 105, -163]
0.15059033663951363, [-11, 108, -157, 157, 105, 65, 49, 113, -41, -49, 110, -107, 179, 115, -149, 103, 110, 73, -3, 109, 41]
0.15063974667817287, [109, 111, 39, 55, 106, -129, 97, 105, -113, 103, 115, -69, 167, 109, -79, -5, 111, -43, -59, 113, 39]
0.1509550331551536, [9, 112, -141, -175, 107, -77, 163, 105, -67, 161, 109, -81, 71, 111, 59, 27, 114, -97, 79, 105, -117]
0.15112513807911504, [47, 113, -99, -45, 105, 77, 3, 114, -135, 141, 113, -87, 75, 113, -53, -37, 106, -93, 113, 112, -115]
0.15135235649298359, [-35, 112, -47, -41, 114, 47, 51, 108, -97, -15, 109, 47, 55, 105, -89, 177, 113, 69, 17, 112, -47]
0.15168576045427018, [49, 105, -155, 133, 112, -93, 27, 110, -141, 133, 109, -125, 149, 114, -91, 15, 115, -125, 33, 107, -45]
0.15207054915948728, [39, 108, -145, 153, 107, -51, -53, 114, -167, -173, 109, -133, 53, 106, 55, 21, 109, -83, 65, 114, -97]
0.15211499299984696, [13, 109, -111, 91, 113, -57, 135, 112, 61, 9, 114, -79, -9, 111, -73, 169, 112, -69, 157, 114, -101]
0.15215950075067874, [-127, 108, -53, 145, 107, 55, 57, 115, -91, 57, 111, -155, 107, 107, -75, -53, 112, -153, 169, 108, -121]
0.15217417999362329, [109, 114, 73, 7, 106, -153, 101, 114, -91, -1, 107, -165, -173, 106, -127, -37, 115, -137, 125, 106, -73]
0.15237771195912378, [19, 109, -105, 117, 108, -53, -25, 114, -93, 125, 115, -63, 159, 114, -59, -33, 109, -165, 153, 106, -111]
0.15262823947687879, [-61, 111, -43, -51, 110, -143, -173, 105, -135, 19, 110, -159, 131, 106, -101, -35, 112, -137, 125, 107, -81]
0.15268364914033561, [63, 113, -177, 163, 107, -89, 75, 111, -101, 123, 111, -95, 13, 114, 47, 55, 107, 63, 7, 107, 43]
0.15277850270400095, [-3, 107, -65, -9, 106, 41, 53, 106, -151, 179, 107, -95, 137, 109, -53, -57, 109, -147, 133, 113, -71]
0.15293618551416444, [87, 115, 61, 59, 115, -157, -171, 105, 71, 25, 108, -83, -15, 111, -71, -19, 108, -101, 133, 105, -153]
0.15295773915372635, [11, 106, -143, 161, 114, -119, 131, 110, -129, 21, 113, 57, 19, 108, 49, 43, 107, 65, 19, 110, 41]
0.15307061225835231, [59, 109, 71, 27, 114, -127, 95, 112, -163, 139, 106, -51, 141, 105, -87, 61, 105, -61, -43, 109, 51]
0.15333852663443598, [67, 114, 39, 53, 107, -117, 37, 105, 51, 59, 115, -95, 23, 105, -161, 175, 111, -119, -171, 108, -109]
0.15334566837159821, [73, 112, 55, 45, 108, -155, 127, 111, -157, -171, 107, -87, -13, 114, 57, 49, 114, -67, -29, 105, 41]
0.15353990427023206, [1, 105, -171, -179, 106, 75, 1, 106, -51, 149, 106, 43, 51, 110, -97, -49, 106, -93, 93, 109, -81]
0.15367283122616857, [27, 107, -113, 165, 112, -97, -17, 111, -145, 141, 112, -111, 13, 105, 41, 47, 105, -129, 29, 109, -57]
0.15384275927085006, [-19, 111, -137, 3, 114, -103, 37, 113, -79, 115, 111, 49, 47, 111, -77, -55, 107, -79, 113, 110, -85]
0.15385571810676252, [-35, 111, -65, -45, 114, -165, 161, 113, -91, -9, 108, -141, 133, 107, -115, -7, 112, -143, 101, 105, -69]
0.15403120633355974, [-47, 115, -43, -51, 112, -171, 151, 111, -71, -51, 108, -89, 95, 105, -99, 15, 106, -169, 147, 110, -113]
0.15523465375414933, [41, 113, -159, 167, 111, -45, -45, 108, 59, 15, 110, -75, 9, 110, -75, 1, 113, -117, 35, 115, -55]
0.15534317622782381, [-47, 115, -45, -41, 113, -175, 161, 106, -49, -53, 107, -161, 139, 115, -83, 1, 111, -125, 179, 106, -153]
0.15580947990032912, [-33, 113, -53, -37, 115, 45, 57, 108, -141, 105, 107, -45, 141, 106, -123, -33, 115, -129, 47, 106, -41]
0.15593655362853651, [-11, 107, -155, 133, 111, 55, 59, 112, -43, -59, 113, -87, 133, 109, -49, -61, 109, -151, 151, 112, -71]
0.15600925405006305, [-33, 112, -81, 7, 105, 61, 35, 105, -45, 133, 113, -113, 161, 110, -89, 21, 105, 75, 21, 115, 47]
0.15614668780958579, [13, 112, -177, 169, 105, 41, 53, 109, -61, -33, 112, -105, 87, 107, -99, 145, 108, 53, 57, 105, -45]
0.15632928467100796, [101, 114, 41, 49, 107, -113, -39, 109, 47, 63, 105, -95, 83, 112, -127, -11, 115, 67, 1, 110, 65]
0.15643315751158063, [-29, 114, -113, 41, 107, 57, 55, 108, -51, -29, 105, -43, -59, 110, 43, 43, 115, -159, 123, 105, -107]
0.15649828972216417, [-11, 109, -163, 149, 111, 75, 7, 115, -53, -19, 112, -119, 1, 106, -41, -57, 109, -57, 121, 105, -117]
0.15708382953055908, [-49, 109, -87, 51, 107, -63, 127, 113, -135, 7, 115, 45, 59, 108, -77, -41, 111, -91, 63, 105, -83]
0.15709654941107562, [115, 112, 61, 37, 105, -137, 49, 111, -79, 141, 115, 63, 49, 113, -79, 159, 111, 53, 61, 114, -41]
0.15729378861912977, [61, 110, 43, 49, 110, -107, -53, 108, -159, 133, 115, -135, -169, 113, -55, 151, 112, -81, 55, 108, 43]
0.15738492079812613, [119, 114, 39, 53, 111, -105, 103, 110, -55, 159, 112, -87, 85, 108, -79, -11, 113, -115, 39, 105, -53]
0.15752144833046966, [-165, 112, 75, -3, 107, 47, 55, 112, -139, 151, 107, -121, 173, 106, -169, -179, 110, 65, 25, 109, -41]
0.15756058032509304, [79, 109, 69, 33, 108, -91, 155, 105, -111, 89, 114, -107, -15, 114, -67, -45, 106, 73, 21, 114, 47]
0.15761495842103426, [-49, 108, -77, 131, 111, -57, 123, 114, -137, 33, 105, -85, 7, 114, -53, -45, 108, -47, -61, 115, 63]
0.15828113552595865, [15, 115, -129, 121, 108, -63, 153, 105, 43, 61, 105, -115, 43, 105, -173, 157, 114, -67, 127, 108, -77]
0.15881155855270088, [145, 106, 51, 31, 115, -131, 87, 107, -81, -23, 113, -143, 127, 109, -97, -45, 109, -143, 131, 108, -83]
0.15924583427182948, [135, 112, 69, 17, 106, 61, 51, 115, -69, 143, 106, 73, 21, 108, -43, 137, 106, -147, -165, 115, -169]
0.1598466710241998, [-13, 112, -153, -169, 108, -63, 115, 107, -157, 115, 106, 47, 39, 112, -105, 27, 105, -55, 153, 113, -99]
0.15989852341569716, [115, 109, 49, 57, 108, -103, 37, 114, -49, 119, 115, 75, 21, 105, -45, -39, 114, -155, 133, 113, -109]
