152
0.030016420845153362, [115, 105, -149, -165, 114, 55, 27, 105, -123, -15, 106, -127, 47, 107, 41]
0.042798976415307971, [123, 110, -167, -179, 110, 79, -1, 110, -93, -19, 106, -121, 43, 107, 49]
0.052003454989224832, [143, 109, -45, 121, 110, -49, -45, 109, -145, -177, 114, -71, 3, 106, -163]
0.059749102755058327, [21, 112, -57, 159, 115, 65, 21, 115, -43, -55, 114, -95, -57, 109, -159]
0.061449206347372068, [25, 107, -61, -11, 112, -77, 69, 109, -175, 177, 109, 51, 41, 108, 39]
0.061822132665144441, [31, 105, -59, -15, 106, -91, 53, 109, -109, -35, 110, -143, 163, 110, -41]
0.074706258532027017, [155, 107, -79, 85, 110, -41, -49, 109, -103, 133, 111, -51, -27, 108, -127]
0.075683251294270906, [-177, 105, -129, 81, 106, -41, -55, 115, -73, 153, 112, -85, 9, 112, -161]
0.076942690914453812, [133, 106, -45, 131, 114, -55, -55, 107, -131, -171, 109, -79, 11, 113, -163]
0.078039544985124248, [115, 106, -43, 137, 114, -81, 153, 108, 53, -131, 109, -141, 13, 109, -159]
0.079279592816295888, [93, 107, -111, 9, 115, -97, 175, 106, 71, 9, 110, -151, 149, 111, -75]
0.082867826128638217, [11, 112, -51, -25, 111, -75, 77, 107, -177, 163, 112, 65, 29, 108, 65]
0.083714269239249892, [169, 112, -91, 97, 114, -49, -35, 111, -121, 153, 108, -69, 3, 108, -159]
0.085947561740482598, [177, 109, -97, 103, 106, -51, -45, 109, -125, 137, 111, -49, -27, 112, -113]
0.086069723906477089, [-175, 106, -93, 93, 113, -45, -35, 109, -143, 171, 108, -75, 135, 112, 61]
0.086948039586075179, [169, 108, -81, 105, 107, -61, -25, 112, -137, 137, 111, -51, -23, 106, -133]
0.090142521903411849, [109, 112, -129, 7, 111, -97, -173, 105, 61, 21, 106, -153, -169, 107, -123]
0.090491397137744067, [163, 106, -119, -35, 115, 69, 35, 113, 43, 43, 108, -103, 29, 105, 41]
0.091019119575198482, [43, 111, -77, 63, 110, -161, 179, 112, 77, -5, 111, -125, 29, 107, 55]
0.091472268388337857, [87, 114, -109, -19, 110, -69, -23, 114, -43, -47, 112, -123, 163, 106, -61]
0.092386126813288172, [169, 105, -55, -53, 107, 71, 3, 113, -165, 179, 108, -105, 111, 110, 69]
0.0934890503131411, [149, 105, -49, 139, 107, -87, -7, 114, -167, 163, 105, -67, 1, 112, -159]
0.098185487891968848, [177, 108, -99, 93, 109, -53, -31, 105, -125, 133, 112, -55, -31, 110, -111]
0.098972949104326649, [149, 110, -53, -37, 108, 57, 27, 115, -171, -177, 108, -113, 9, 115, -177]
0.100338259498378, [41, 115, -69, 173, 112, 41, 45, 111, -65, -59, 112, -87, -51, 107, -169]
0.10040388363784629, [157, 110, -61, 117, 108, -59, -17, 106, -161, 177, 105, -79, -19, 110, -131]
0.10179388955026243, [-175, 106, -113, 107, 106, -51, -61, 106, -95, 177, 113, -97, 7, 108, -147]
0.10374205361537779, [111, 109, -131, 17, 109, -99, 167, 106, 71, 11, 108, -151, 121, 106, -63]
0.1041029122950016, [113, 107, -149, -177, 112, 67, 15, 109, -101, -11, 113, -137, 27, 105, 75]
0.10532814465676553, [153, 112, -55, -33, 110, 57, 17, 108, -177, 167, 114, -99, 17, 111, -171]
0.10535234238458195, [175, 106, -95, 95, 105, -55, -33, 112, -103, 169, 107, -99, 7, 105, -169]
0.10548892909869098, [149, 105, -65, 111, 115, -47, -47, 107, -127, 179, 114, -75, 3, 112, -161]
0.10601308692616387, [169, 107, -97, 71, 113, -53, -25, 114, -107, 113, 105, -51, 121, 107, 67]
0.1069464208671306, [117, 106, -159, -179, 110, 77, -1, 110, -99, -3, 112, -133, 23, 105, 71]
0.10832356867422081, [157, 111, -75, 95, 112, -41, -53, 113, -103, 163, 105, -77, 7, 112, -165]
0.1085383421877137, [171, 113, -99, 167, 111, -145, 147, 114, 77, 3, 105, 49, 37, 110, -177]
0.10857392296092216, [-177, 107, -111, 85, 108, -49, -27, 105, -113, 155, 110, -75, -35, 111, -125]
0.10927806864096701, [39, 109, -69, -5, 115, -83, 59, 112, -159, 165, 115, 55, 23, 111, 65]
0.10946771829791872, [119, 111, -167, -175, 111, 75, 3, 113, -101, -21, 105, -107, 21, 107, 69]
0.10980317897285911, [29, 114, -51, -23, 105, -75, 89, 107, -165, 135, 115, 59, 33, 108, 57]
0.10999182209757589, [23, 115, -67, -5, 105, -87, 63, 112, -153, 171, 111, 47, 43, 105, 47]
0.11030024540223547, [-175, 108, -91, 125, 105, -77, -5, 113, -167, 165, 113, -67, -9, 114, -153]
0.11037387850747339, [151, 110, -69, 175, 113, -153, 139, 111, 79, -1, 110, 67, 1, 107, -153]
0.11084924041030372, [85, 112, -113, 167, 107, 71, 33, 106, -79, -39, 114, -129, 39, 106, 79]
0.11100498715233946, [119, 105, -149, 179, 112, 79, 1, 111, -67, -43, 115, -131, 39, 115, 75]
0.11190785368281896, [175, 112, -85, 113, 109, -57, -19, 108, -163, 157, 112, -57, -21, 113, -129]
0.11656208509001453, [147, 106, -49, -57, 108, 73, 13, 110, -161, 149, 112, -81, 13, 108, -177]
0.11737033893688301, [155, 106, -83, -175, 114, -161, 139, 108, 75, -5, 112, 71, -1, 113, -133]
0.11767295436329102, [153, 108, -47, -55, 106, 79, 1, 107, -165, 157, 111, -93, 27, 113, -175]
0.1185286750815825, [147, 106, -47, -49, 105, 65, 19, 107, -169, 159, 110, -103, 23, 107, -175]
0.11864695666110935, [137, 108, -45, 123, 109, -45, -49, 109, -149, -175, 114, -65, -9, 113, -143]
0.11894133137795042, [147, 111, -43, -47, 109, 75, -1, 113, -165, 157, 113, -83, 17, 113, -171]
0.11899637325978947, [37, 111, -67, 157, 114, 77, 9, 107, -47, -45, 109, -123, 89, 115, 39]
0.12046136315602064, [-173, 108, -109, 93, 109, -47, -33, 111, -115, 177, 113, -97, 7, 108, -163]
0.12098562603033956, [113, 112, -143, 89, 107, -173, 169, 107, 73, -3, 111, -123, 7, 105, 51]
0.1210545972793748, [179, 111, -121, 87, 108, -45, -55, 112, -75, 141, 105, -73, -5, 112, -149]
0.12114723832314254, [143, 106, -45, 123, 106, -63, -15, 114, -169, 163, 107, -51, -35, 115, -131]
0.12128445325325568, [-173, 105, -75, 93, 106, -47, -47, 105, -141, 145, 111, -57, 151, 105, 51]
0.12132224822512136, [175, 114, -87, -175, 109, -151, 117, 110, 73, -3, 114, 69, 1, 108, -125]
0.1228080236862379, [155, 109, -53, 119, 108, -55, -21, 113, -167, -175, 115, -75, 5, 109, -171]
0.12387120504909625, [97, 108, -135, -173, 113, 63, 9, 112, -109, 5, 105, -139, 35, 105, 63]
0.1249691868341371, [145, 108, -43, -55, 107, 77, 7, 114, -153, 169, 105, -97, 9, 113, -177]
0.12506337101255086, [41, 110, -91, -179, 107, 73, 15, 108, -105, 167, 105, 55, 25, 115, 77]
0.12551630940822339, [115, 112, -151, 177, 107, 73, 11, 112, -79, -31, 110, -131, 35, 112, 79]
0.12551820751891229, [43, 113, -73, 153, 115, 67, 35, 110, -51, -57, 114, -99, -51, 114, -163]
0.12582378931498797, [127, 111, -141, 7, 114, -85, -175, 105, 59, 13, 110, -151, 169, 107, -111]
0.12615465074289281, [149, 114, -65, 165, 113, -139, 153, 111, 69, -1, 108, 61, 13, 106, -169]
0.12708618024309476, [115, 106, -149, -165, 112, 55, 21, 106, -111, -19, 115, -121, 25, 106, 71]
0.12717989652103909, [37, 112, -71, 5, 113, -107, 7, 112, -61, -35, 115, -137, 179, 111, -47]
0.12720958375687333, [179, 106, -87, 93, 113, -55, -35, 115, -125, 167, 106, -77, 119, 107, 63]
0.1289398515876288, [169, 115, -69, -47, 107, 65, 21, 114, -171, 173, 108, -101, 5, 115, -175]
0.12909273623294656, [-23, 114, 59, 23, 112, 77, 5, 115, 43, 61, 109, -149, -175, 106, -67]
0.12912290184502598, [-177, 108, -89, 87, 111, -55, -37, 115, -119, 141, 107, -63, 119, 106, 67]
0.12984857895058596, [85, 110, -103, -11, 110, -81, 173, 105, 67, 19, 107, -155, 113, 105, -51]
0.13110756127402695, [27, 115, -67, -7, 110, -89, 67, 108, -165, 163, 114, 67, 15, 105, 77]
0.13176360477277249, [171, 107, -95, -177, 110, -163, 135, 112, 79, 7, 114, 51, 29, 113, -165]
0.13182157843253756, [97, 111, -133, 167, 115, 67, 25, 105, -67, -53, 113, -103, -51, 114, -177]
0.13241564016861967, [163, 109, -67, 111, 109, -63, -13, 109, -153, 163, 105, -69, -21, 112, -137]
0.13262239558159059, [149, 109, -67, 169, 112, -147, 141, 114, 77, 5, 110, 53, 27, 105, -173]
0.13374231318357299, [33, 109, -71, 1, 108, -87, 65, 110, -165, 177, 112, 49, 35, 107, 45]
0.13390089975833092, [139, 105, -85, 157, 112, -145, -175, 111, 71, -1, 106, 65, 7, 112, -177]
0.13421602839024485, [171, 105, -49, 121, 107, -71, -33, 109, -165, 143, 108, -43, 123, 105, 59]
0.13478660307466975, [173, 115, -133, -17, 113, 71, -3, 109, 67, 19, 113, -69, -1, 105, 79]
0.13481714512993523, [111, 106, -139, 39, 107, -119, -173, 106, 53, 35, 107, -173, 177, 106, -113]
0.13505817185906074, [135, 108, -49, 121, 112, -43, -49, 106, -143, -173, 111, -77, 1, 110, -147]
0.13514340946650913, [-175, 105, -101, 129, 109, -89, 7, 108, -169, 157, 114, -65, -9, 113, -149]
0.13522615830348111, [21, 114, -55, -17, 115, -79, 73, 114, -169, 157, 106, 65, 23, 110, 61]
0.13527434702431429, [161, 105, -99, 77, 105, -45, -43, 107, -99, 107, 105, -45, -47, 112, -85]
0.13531175994297445, [-177, 113, -55, -61, 111, 77, -5, 109, -173, 153, 108, -75, 125, 110, 57]
0.13627926815831354, [107, 105, -127, 3, 111, -85, 163, 111, 77, -1, 107, -143, 139, 109, -75]
0.13659632332873906, [165, 106, -87, 69, 113, -41, -51, 108, -99, 119, 105, -57, 141, 106, 63]
0.13739498241954137, [161, 109, -71, 101, 108, -43, -39, 112, -137, 167, 112, -59, -31, 110, -135]
0.13746404172022403, [-173, 114, -91, 147, 106, -83, -59, 109, -117, -173, 105, -85, 17, 111, -173]
0.13864458045745037, [-173, 113, -105, 105, 112, -57, -23, 111, -135, 161, 109, -73, -3, 113, -155]
0.1387639758162266, [173, 109, -95, 89, 109, -53, -19, 112, -123, 139, 109, -63, -9, 111, -155]
0.13919125879844813, [155, 110, -49, 133, 107, -75, -11, 109, -173, 179, 105, -71, -19, 114, -141]
0.13951713326806903, [155, 109, -117, -11, 115, 49, 33, 105, 39, 55, 107, -109, 37, 106, 39]
0.13961665100749093, [33, 109, -95, 59, 113, -139, 29, 107, -149, -169, 107, 63, 9, 107, 79]
0.13987949346989434, [89, 109, -117, 31, 108, -125, 23, 108, -93, -19, 111, -161, 143, 112, -41]
0.13989085318305211, [-179, 106, -101, 119, 106, -61, -55, 114, -107, 179, 112, -77, -11, 114, -151]
0.14019752808857086, [109, 114, -149, -169, 112, 45, 43, 105, -121, -31, 108, -113, 29, 112, 77]
0.14054992840319841, [93, 109, -125, -173, 110, 79, 3, 106, -95, 143, 105, 67, 11, 113, 71]
0.14093087401457169, [171, 113, -85, 175, 109, -139, 113, 114, 79, -5, 112, 71, 5, 107, -131]
0.14100143013328462, [111, 106, -149, -175, 111, 77, 3, 114, -93, -39, 109, -97, 21, 107, 69]
0.14115992415208395, [-179, 111, -71, 103, 110, -47, -31, 112, -173, 165, 110, -53, 123, 112, 63]
0.14117695510702361, [5, 109, 55, -125, 108, -123, -31, 109, 67, 21, 110, -129, 45, 105, 75]
0.14175045353881191, [99, 110, -119, 11, 113, -105, -179, 106, 79, -5, 106, -143, -179, 115, -107]
0.14199853018293887, [39, 112, -57, -13, 107, -91, 57, 111, -93, -53, 112, -153, 103, 111, 39]
0.14260639263401451, [-1, 112, 55, -129, 110, -111, -37, 108, 69, 13, 110, -127, 45, 105, 77]
0.14261491852133742, [109, 115, -129, -11, 109, -71, -23, 114, -57, -13, 114, -155, 141, 105, -55]
0.14274487599877833, [35, 111, -69, 161, 109, 75, 3, 110, -43, -41, 109, -135, 93, 115, 51]
0.14286940815344368, [153, 114, -61, 117, 110, -41, -57, 113, -135, -171, 110, -71, 1, 112, -165]
0.1457907642701626, [33, 108, -75, -175, 112, 73, -5, 111, -81, 147, 110, 71, 23, 106, 79]
0.14637352404511916, [19, 114, -59, 155, 110, 63, 45, 105, -103, -1, 111, -137, 45, 106, 77]
0.14665669877219409, [-179, 108, -105, 105, 112, -51, -29, 107, -141, 163, 114, -65, -21, 115, -123]
0.14738834275778376, [93, 113, -129, 45, 107, -129, 153, 111, 71, 15, 105, -127, 31, 108, 39]
0.14827112458363095, [31, 114, -63, 165, 114, 55, 23, 114, -45, -53, 114, -97, -53, 110, -161]
0.14872372370920883, [35, 110, -69, 163, 106, 65, 37, 111, -49, -49, 115, -127, -37, 110, -165]
0.14892073156640032, [165, 107, -83, 95, 110, -49, -51, 107, -107, 137, 114, -45, -35, 107, -127]
0.14913302327632313, [109, 108, -131, 51, 110, -129, 179, 105, 57, 15, 106, -157, 109, 105, -57]
0.1492712713231705, [-175, 114, -117, 87, 113, -45, -45, 110, -85, 173, 106, -103, 13, 106, -173]
0.14954669547209892, [143, 105, -45, -57, 109, 77, 3, 105, -155, 155, 112, -83, -3, 109, -157]
0.14959746466320953, [163, 113, -57, -57, 108, 77, 5, 108, -169, 153, 113, -85, 15, 107, -169]
0.14980066572243564, [41, 115, -73, -19, 112, -93, 15, 114, -75, -13, 109, -143, -169, 109, -71]
0.15019414471340559, [89, 107, -115, -175, 110, 79, 7, 107, -89, 125, 111, 73, 13, 109, 79]
0.15077712038267566, [29, 108, -73, 167, 107, 59, 41, 105, -101, -31, 108, -123, 83, 110, 45]
0.1511460218808674, [27, 114, -61, 165, 111, 61, 25, 112, -63, -41, 105, -123, 83, 115, 55]
0.15129474190102843, [39, 112, -89, 61, 114, -127, -25, 111, -85, -177, 106, 61, 17, 106, 51]
0.15131476295543625, [37, 114, -85, 163, 113, 65, 43, 105, -115, -43, 105, -89, 57, 111, 61]
0.15132789769296096, [85, 115, -115, 43, 110, -133, 163, 108, 79, -5, 113, -117, 33, 106, 39]
0.15216862941553069, [17, 114, -63, 163, 107, 53, 59, 115, -89, -59, 107, -83, -59, 108, -157]
0.15228675924172802, [155, 109, -53, 125, 105, -73, -13, 108, -169, 151, 106, -61, -15, 105, -127]
0.15236145020566863, [147, 105, -49, 137, 115, -89, 7, 105, -171, -179, 107, -81, -3, 108, -167]
0.15295543729357833, [135, 112, -41, 129, 113, -55, -27, 107, -169, -179, 109, -69, -7, 109, -145]
0.15335430064478409, [117, 113, -133, -19, 106, -69, -5, 109, -73, 5, 112, -173, 173, 105, -87]
0.15341406737542035, [127, 106, -165, -173, 114, 69, 35, 108, -113, -57, 110, -89, 7, 110, 79]
0.15353047801504771, [145, 107, -43, -59, 111, 73, 21, 105, -169, 155, 112, -77, -1, 109, -177]
0.15450935964516999, [173, 113, -85, 67, 113, -41, -51, 108, -97, 111, 105, -57, 129, 106, 71]
0.15511807930331689, [143, 106, -45, -51, 111, 73, 11, 111, -167, 153, 115, -69, -3, 115, -171]
0.15515484829391568, [85, 109, -105, 15, 105, -103, 179, 112, 69, 5, 107, -157, 107, 114, -41]
0.15530183238035059, [109, 113, -159, 173, 111, 77, 9, 106, -99, -29, 114, -105, 27, 108, 79]
0.15574792261150111, [175, 113, -91, 103, 114, -63, -5, 107, -147, 161, 106, -75, -13, 107, -151]
0.15592243724505991, [157, 105, -55, -61, 105, 79, 5, 109, -161, 141, 114, -71, 3, 114, -163]
0.15684526456496356, [35, 114, -69, -9, 110, -87, 65, 113, -159, 139, 112, 71, 33, 111, 59]
0.15731394419224889, [15, 113, -51, -29, 113, -75, 77, 107, -175, 157, 110, 69, 21, 113, 69]
0.15752691271475483, [147, 109, -45, -47, 110, 69, 9, 115, -165, 155, 115, -71, -1, 114, -177]
0.15864017119324333, [137, 107, -43, -49, 111, 71, 17, 112, -165, 169, 109, -91, 1, 112, -173]
0.15880110245147178, [31, 114, -65, 161, 114, 61, 43, 105, -83, -59, 114, -91, 53, 114, 77]
0.15908193043696353, [153, 111, -45, 129, 105, -69, -21, 108, -173, 155, 109, -49, -27, 107, -123]
0.1595482473561918, [179, 108, -121, 161, 109, -137, 149, 115, 77, -5, 112, 67, 5, 113, -145]
0.15982520993418622, [-175, 111, -101, 97, 112, -55, -25, 106, -135, 141, 115, -49, -33, 112, -129]
0.15986712424979826, [143, 105, -51, 125, 115, -59, -47, 107, -131, -179, 112, -75, 9, 112, -165]
